 0.005	1.8375
 0.010	1.8559
 0.015	1.8744
 0.020	1.8930
 0.025	1.9117
 0.030	1.9305
 0.035	1.9494
 0.040	1.9684
 0.045	1.9874
 0.050	2.0066
 0.055	2.0258
 0.060	2.0452
 0.065	2.0646
 0.070	2.0841
 0.075	2.1038
 0.080	2.1235
 0.085	2.1433
 0.090	2.1632
 0.095	2.1831
 0.100	2.2032
 0.105	2.2234
 0.110	2.2436
 0.115	2.2640
 0.120	2.2844
 0.125	2.3050
 0.130	2.3256
 0.135	2.3463
 0.140	2.3671
 0.145	2.3880
 0.150	2.4090
 0.155	2.4301
 0.160	2.4513
 0.165	2.4725
 0.170	2.4939
 0.175	2.5154
 0.180	2.5369
 0.185	2.5585
 0.190	2.5803
 0.195	2.6021
 0.200	2.6240
 0.205	2.6460
 0.210	2.6681
 0.215	2.6903
 0.220	2.7126
 0.225	2.7349
 0.230	2.7574
 0.235	2.7800
 0.240	2.8026
 0.245	2.8253
 0.250	2.8482
 0.255	0.0000
 0.260	2.8941
 0.265	0.0000
 0.270	2.9404
 0.275	2.9637
 0.280	2.9871
 0.285	3.0106
 0.290	3.0341
 0.295	3.0578
 0.300	3.0815
 0.305	0.0000
 0.310	3.1293
 0.315	3.1533
 0.320	3.1775
 0.325	3.2017
 0.330	3.2260
 0.335	3.2504
 0.340	3.2748
 0.345	3.2994
 0.350	3.3241
 0.355	0.0000
 0.360	3.3737
 0.365	3.3986
 0.370	3.4237
 0.375	3.4488
 0.380	3.4740
 0.385	3.4993
 0.390	0.0000
 0.395	3.5502
 0.400	3.5758
 0.405	3.6015
 0.410	3.6273
 0.415	3.6531
 0.420	3.6791
 0.425	3.7051
 0.430	3.7313
 0.435	3.7575
 0.440	3.7838
 0.445	3.8102
 0.450	3.8367
 0.455	3.8633
 0.460	3.8900
 0.465	3.9168
 0.470	3.9437
 0.475	0.0000
 0.480	3.9977
 0.485	4.0249
 0.490	4.0521
 0.495	4.0794
 0.500	4.1069
 0.505	4.1344
 0.510	4.1620
 0.515	4.1897
 0.520	4.2175
 0.525	4.2454
 0.530	4.2733
 0.535	4.3014
 0.540	4.3296
 0.545	4.3578
 0.550	4.3862
 0.555	4.4146
 0.560	4.4431
 0.565	4.4717
 0.570	4.5005
 0.575	4.5293
 0.580	4.5581
 0.585	4.5871
 0.590	4.6162
 0.595	0.0000
 0.600	0.0000
 0.605	4.7040
 0.610	4.7334
 0.615	4.7630
 0.620	4.7926
 0.625	4.8223
 0.630	0.0000
 0.635	4.8821
 0.640	4.9121
 0.645	4.9421
 0.650	4.9723
 0.655	5.0026
 0.660	5.0330
 0.665	5.0634
 0.670	5.0940
 0.675	5.1246
 0.680	5.1553
 0.685	5.1862
 0.690	5.2171
 0.695	5.2481
 0.700	5.2792
 0.705	5.3104
 0.710	5.3417
 0.715	5.3730
 0.720	5.4045
 0.725	5.4361
 0.730	0.0000
 0.735	5.4995
 0.740	5.5313
 0.745	5.5632
 0.750	5.5952
 0.755	5.6273
 0.760	0.0000
 0.765	0.0000
 0.770	5.7242
 0.775	5.7567
 0.780	5.7893
 0.785	5.8219
 0.790	0.0000
 0.795	5.8875
 0.800	5.9205
 0.805	5.9535
 0.810	5.9866
 0.815	6.0198
 0.820	6.0531
 0.825	6.0865
 0.830	6.1200
 0.835	6.1536
 0.840	6.1873
 0.845	6.2210
 0.850	6.2549
 0.855	6.2888
 0.860	6.3229
 0.865	6.3570
 0.870	6.3912
 0.875	6.4256
 0.880	6.4600
 0.885	6.4945
 0.890	6.5291
 0.895	6.5637
 0.900	6.5985
 0.905	6.6334
 0.910	0.0000
 0.915	6.7034
 0.920	6.7385
 0.925	6.7738
 0.930	6.8091
 0.935	6.8445
 0.940	0.0000
 0.945	6.9156
 0.950	6.9513
 0.955	6.9871
 0.960	7.0230
 0.965	7.0589
 0.970	0.0000
 0.975	7.1312
 0.980	7.1674
 0.985	7.2037
 0.990	7.2402
 0.995	7.2767
 1.000	7.3133
 1.005	7.3500
 1.010	7.3868
 1.015	7.4237
 1.020	7.4607
 1.025	7.4977
 1.030	7.5349
 1.035	0.0000
 1.040	0.0000
 1.045	7.6469
 1.050	7.6845
 1.055	7.7221
 1.060	7.7598
 1.065	0.0000
 1.070	7.8355
 1.075	7.8735
 1.080	7.9116
 1.085	7.9498
 1.090	7.9880
 1.095	8.0264
 1.100	8.0648
 1.105	8.1034
 1.110	8.1420
 1.115	8.1807
 1.120	8.2196
 1.125	8.2585
 1.130	8.2975
 1.135	8.3366
 1.140	8.3757
 1.145	8.4150
 1.150	8.4544
 1.155	8.4938
 1.160	0.0000
 1.165	8.5730
 1.170	8.6128
 1.175	8.6526
 1.180	8.6925
 1.185	8.7325
 1.190	8.7726
 1.195	8.8128
 1.200	0.0000
 1.205	8.8935
 1.210	8.9340
 1.215	8.9745
 1.220	9.0152
 1.225	9.0559
 1.230	9.0968
 1.235	9.1377
 1.240	9.1787
 1.245	9.2198
 1.250	9.2610
 1.255	9.3023
 1.260	9.3437
 1.265	0.0000
 1.270	9.4268
 1.275	0.0000
 1.280	0.0000
 1.285	0.0000
 1.290	9.5940
 1.295	9.6360
 1.300	9.6782
 1.305	0.0000
 1.310	9.7627
 1.315	9.8051
 1.320	9.8476
 1.325	9.8902
 1.330	9.9328
 1.335	9.9756
 1.340	10.0185
 1.345	10.0614
 1.350	10.1045
 1.355	10.1476
 1.360	10.1908
 1.365	10.2341
 1.370	10.2776
 1.375	10.3211
 1.380	10.3646
 1.385	10.4083
 1.390	10.4521
 1.395	10.4960
 1.400	10.5399
 1.405	10.5840
 1.410	0.0000
 1.415	10.6724
 1.420	10.7167
 1.425	10.7611
 1.430	10.8056
 1.435	10.8503
 1.440	10.8950
 1.445	10.9397
 1.450	10.9846
 1.455	11.0296
 1.460	11.0747
 1.465	11.1198
 1.470	11.1651
 1.475	0.0000
 1.480	11.2558
 1.485	11.3014
 1.490	11.3470
 1.495	11.3927
 1.500	11.4385
 1.505	11.4844
 1.510	11.5304
 1.515	11.5764
 1.520	11.6226
 1.525	11.6689
 1.530	0.0000
 1.535	11.7617
 1.540	11.8082
 1.545	11.8548
 1.550	11.9015
 1.555	11.9483
 1.560	11.9952
 1.565	12.0422
 1.570	12.0893
 1.575	12.1365
 1.580	12.1838
 1.585	0.0000
 1.590	12.2786
 1.595	12.3261
 1.600	12.3738
 1.605	12.4215
 1.610	12.4693
 1.615	12.5172
 1.620	12.5652
 1.625	12.6133
 1.630	12.6615
 1.635	12.7098
 1.640	0.0000
 1.645	12.8066
 1.650	12.8552
 1.655	12.9038
 1.660	12.9526
 1.665	13.0014
 1.670	13.0503
 1.675	0.0000
 1.680	13.1485
 1.685	13.1977
 1.690	13.2470
 1.695	0.0000
 1.700	13.3458
 1.705	13.3954
 1.710	13.4450
 1.715	13.4948
 1.720	13.5446
 1.725	13.5946
 1.730	0.0000
 1.735	0.0000
 1.740	13.7449
 1.745	13.7952
 1.750	13.8456
 1.755	13.8961
 1.760	13.9467
 1.765	13.9973
 1.770	14.0481
 1.775	14.0990
 1.780	14.1499
 1.785	14.2009
 1.790	14.2521
 1.795	14.3033
 1.800	14.3546
 1.805	14.4060
 1.810	14.4575
 1.815	14.5091
 1.820	14.5608
 1.825	14.6125
 1.830	14.6644
 1.835	14.7164
 1.840	14.7684
 1.845	14.8205
 1.850	14.8728
 1.855	14.9251
 1.860	14.9775
 1.865	15.0300
 1.870	15.0826
 1.875	15.1353
 1.880	15.1881
 1.885	15.2410
 1.890	15.2939
 1.895	15.3470
 1.900	15.4001
 1.905	15.4534
 1.910	15.5067
 1.915	15.5601
 1.920	15.6137
 1.925	15.6673
 1.930	15.7210
 1.935	0.0000
 1.940	15.8286
 1.945	15.8826
 1.950	15.9367
 1.955	15.9908
 1.960	16.0451
 1.965	16.0994
 1.970	16.1539
 1.975	16.2084
 1.980	16.2630
 1.985	16.3177
 1.990	0.0000
 1.995	16.4274
 2.000	16.4824
 2.005	16.5375
 2.010	16.5927
 2.015	16.6479
 2.020	16.7033
 2.025	16.7587
 2.030	0.0000
 2.035	16.8699
 2.040	16.9256
 2.045	16.9814
 2.050	17.0373
 2.055	17.0933
 2.060	0.0000
 2.065	17.2056
 2.070	17.2619
 2.075	17.3183
 2.080	17.3747
 2.085	17.4313
 2.090	17.4879
 2.095	17.5446
 2.100	17.6015
 2.105	17.6584
 2.110	17.7154
 2.115	17.7725
 2.120	17.8297
 2.125	17.8870
 2.130	17.9443
 2.135	18.0018
 2.140	18.0594
 2.145	0.0000
 2.150	0.0000
 2.155	18.2326
 2.160	0.0000
 2.165	18.3485
 2.170	18.4067
 2.175	18.4649
 2.180	18.5231
 2.185	18.5815
 2.190	18.6400
 2.195	18.6986
 2.200	18.7572
 2.205	18.8160
 2.210	18.8748
 2.215	18.9338
 2.220	18.9928
 2.225	19.0519
 2.230	19.1111
 2.235	19.1705
 2.240	19.2299
 2.245	19.2893
 2.250	19.3489
 2.255	19.4086
 2.260	19.4684
 2.265	19.5282
 2.270	19.5882
 2.275	19.6482
 2.280	19.7083
 2.285	19.7686
 2.290	0.0000
 2.295	19.8893
 2.300	19.9498
 2.305	20.0104
 2.310	20.0711
 2.315	20.1318
 2.320	20.1927
 2.325	20.2537
 2.330	0.0000
 2.335	20.3759
 2.340	20.4371
 2.345	20.4984
 2.350	20.5598
 2.355	20.6213
 2.360	0.0000
 2.365	20.7446
 2.370	20.8064
 2.375	20.8683
 2.380	20.9303
 2.385	20.9923
 2.390	21.0545
 2.395	21.1167
 2.400	0.0000
 2.405	0.0000
 2.410	21.3040
 2.415	21.3666
 2.420	21.4293
 2.425	21.4921
 2.430	21.5550
 2.435	21.6180
 2.440	21.6811
 2.445	21.7442
 2.450	21.8075
 2.455	21.8708
 2.460	21.9343
 2.465	21.9978
 2.470	22.0614
 2.475	22.1252
 2.480	22.1890
 2.485	22.2529
 2.490	22.3169
 2.495	22.3809
 2.500	22.4451
 2.505	22.5094
 2.510	22.5737
 2.515	0.0000
 2.520	22.7027
 2.525	22.7674
 2.530	0.0000
 2.535	22.8969
 2.540	22.9618
 2.545	23.0268
 2.550	23.0919
 2.555	23.1571
 2.560	23.2224
 2.565	23.2877
 2.570	23.3532
 2.575	23.4188
 2.580	23.4844
 2.585	23.5501
 2.590	0.0000
 2.595	23.6819
 2.600	23.7479
 2.605	23.8140
 2.610	23.8802
 2.615	23.9465
 2.620	0.0000
 2.625	0.0000
 2.630	0.0000
 2.635	24.2126
 2.640	24.2793
 2.645	24.3461
 2.650	24.4131
 2.655	24.4801
 2.660	24.5472
 2.665	24.6144
 2.670	24.6817
 2.675	24.7491
 2.680	24.8166
 2.685	24.8842
 2.690	24.9518
 2.695	25.0196
 2.700	25.0874
 2.705	25.1554
 2.710	25.2234
 2.715	0.0000
 2.720	25.3598
 2.725	25.4281
 2.730	25.4965
 2.735	25.5650
 2.740	25.6335
 2.745	25.7022
 2.750	25.7710
 2.755	25.8398
 2.760	25.9088
 2.765	25.9778
 2.770	26.0470
 2.775	26.1162
 2.780	0.0000
 2.785	26.2549
 2.790	26.3244
 2.795	26.3940
 2.800	26.4637
 2.805	26.5335
 2.810	26.6034
 2.815	26.6733
 2.820	26.7434
 2.825	26.8135
 2.830	26.8838
 2.835	26.9541
 2.840	27.0245
 2.845	27.0950
 2.850	27.1656
 2.855	27.2363
 2.860	0.0000
 2.865	27.3780
 2.870	27.4490
 2.875	27.5201
 2.880	27.5912
 2.885	27.6625
 2.890	27.7338
 2.895	27.8052
 2.900	27.8768
 2.905	27.9484
 2.910	28.0201
 2.915	28.0919
 2.920	28.1638
 2.925	28.2358
 2.930	28.3078
 2.935	28.3800
 2.940	28.4523
 2.945	28.5246
 2.950	28.5971
 2.955	28.6696
 2.960	28.7422
 2.965	28.8149
 2.970	28.8878
 2.975	28.9607
 2.980	29.0336
 2.985	29.1067
 2.990	0.0000
 2.995	29.2532
 3.000	29.3265
 3.005	29.4000
 3.010	29.4735
 3.015	0.0000
 3.020	29.6209
 3.025	29.6947
 3.030	29.7686
 3.035	29.8427
 3.040	29.9168
 3.045	29.9909
 3.050	30.0652
 3.055	30.1396
 3.060	30.2141
 3.065	30.2886
 3.070	30.3633
 3.075	30.4380
 3.080	30.5128
 3.085	30.5878
 3.090	30.6628
 3.095	30.7379
 3.100	30.8131
 3.105	30.8884
 3.110	30.9638
 3.115	31.0392
 3.120	31.1148
 3.125	31.1905
 3.130	31.2662
 3.135	31.3421
 3.140	31.4180
 3.145	0.0000
 3.150	31.5701
 3.155	0.0000
 3.160	31.7226
 3.165	31.7990
 3.170	31.8755
 3.175	31.9521
 3.180	32.0288
 3.185	32.1055
 3.190	0.0000
 3.195	32.2593
 3.200	32.3364
 3.205	32.4135
 3.210	32.4907
 3.215	32.5680
 3.220	32.6454
 3.225	32.7229
 3.230	32.8005
 3.235	32.8782
 3.240	32.9560
 3.245	33.0338
 3.250	0.0000
 3.255	33.1898
 3.260	33.2680
 3.265	33.3462
 3.270	33.4245
 3.275	33.5030
 3.280	33.5815
 3.285	33.6601
 3.290	0.0000
 3.295	33.8175
 3.300	33.8964
 3.305	0.0000
 3.310	34.0544
 3.315	34.1336
 3.320	34.2128
 3.325	34.2922
 3.330	34.3716
 3.335	34.4511
 3.340	34.5307
 3.345	34.6104
 3.350	34.6902
 3.355	34.7701
 3.360	34.8501
 3.365	34.9301
 3.370	0.0000
 3.375	35.0906
 3.380	35.1709
 3.385	35.2513
 3.390	35.3319
 3.395	35.4125
 3.400	35.4932
 3.405	35.5740
 3.410	35.6549
 3.415	35.7359
 3.420	0.0000
 3.425	35.8981
 3.430	35.9794
 3.435	36.0608
 3.440	36.1422
 3.445	36.2237
 3.450	36.3054
 3.455	36.3871
 3.460	36.4689
 3.465	36.5508
 3.470	36.6328
 3.475	36.7149
 3.480	36.7971
 3.485	36.8794
 3.490	0.0000
 3.495	37.0442
 3.500	37.1267
 3.505	37.2094
 3.510	37.2921
 3.515	37.3749
 3.520	37.4579
 3.525	37.5409
 3.530	37.6240
 3.535	37.7072
 3.540	37.7904
 3.545	37.8738
 3.550	37.9573
 3.555	38.0408
 3.560	38.1245
 3.565	38.2082
 3.570	38.2921
 3.575	38.3760
 3.580	38.4600
 3.585	38.5441
 3.590	38.6283
 3.595	38.7126
 3.600	38.7970
 3.605	38.8815
 3.610	38.9661
 3.615	39.0507
 3.620	39.1355
 3.625	39.2203
 3.630	39.3053
 3.635	39.3903
 3.640	39.4754
 3.645	39.5606
 3.650	39.6459
 3.655	39.7313
 3.660	39.8168
 3.665	39.9024
 3.670	39.9881
 3.675	40.0739
 3.680	40.1597
 3.685	40.2457
 3.690	40.3317
 3.695	40.4178
 3.700	40.5041
 3.705	40.5904
 3.710	40.6768
 3.715	40.7633
 3.720	40.8499
 3.725	40.9366
 3.730	41.0233
 3.735	41.1102
 3.740	41.1972
 3.745	41.2842
 3.750	41.3714
 3.755	41.4586
 3.760	41.5459
 3.765	41.6333
 3.770	0.0000
 3.775	41.8085
 3.780	41.8961
 3.785	0.0000
 3.790	42.0718
 3.795	42.1598
 3.800	42.2478
 3.805	42.3360
 3.810	42.4242
 3.815	42.5126
 3.820	42.6010
 3.825	42.6895
 3.830	42.7781
 3.835	0.0000
 3.840	42.9557
 3.845	0.0000
 3.850	43.1335
 3.855	43.2226
 3.860	43.3118
 3.865	43.4010
 3.870	43.4904
 3.875	43.5798
 3.880	43.6693
 3.885	0.0000
 3.890	43.8487
 3.895	43.9385
 3.900	44.0284
 3.905	44.1184
 3.910	44.2085
 3.915	44.2986
 3.920	44.3889
 3.925	44.4793
 3.930	44.5697
 3.935	44.6603
 3.940	44.7509
 3.945	44.8416
 3.950	44.9324
 3.955	45.0233
 3.960	45.1143
 3.965	45.2054
 3.970	45.2966
 3.975	45.3879
 3.980	45.4793
 3.985	45.5707
 3.990	45.6623
 3.995	45.7539
 4.000	45.8457
 4.005	45.9375
 4.010	46.0294
 4.015	46.1214
 4.020	46.2135
 4.025	46.3057
 4.030	0.0000
 4.035	46.4904
 4.040	46.5829
 4.045	46.6754
 4.050	46.7681
 4.055	46.8608
 4.060	46.9537
 4.065	47.0466
 4.070	0.0000
 4.075	47.2328
 4.080	47.3260
 4.085	47.4193
 4.090	47.5127
 4.095	47.6061
 4.100	47.6997
 4.105	47.7934
 4.110	47.8871
 4.115	47.9810
 4.120	48.0749
 4.125	48.1690
 4.130	48.2631
 4.135	0.0000
 4.140	48.4516
 4.145	48.5460
 4.150	48.6405
 4.155	48.7351
 4.160	48.8298
 4.165	48.9245
 4.170	49.0194
 4.175	49.1144
 4.180	49.2094
 4.185	49.3045
 4.190	0.0000
 4.195	49.4951
 4.200	49.5905
 4.205	49.6860
 4.210	49.7816
 4.215	49.8773
 4.220	0.0000
 4.225	50.0689
 4.230	50.1649
 4.235	50.2610
 4.240	0.0000
 4.245	50.4533
 4.250	50.5497
 4.255	50.6461
 4.260	50.7426
 4.265	0.0000
 4.270	50.9359
 4.275	51.0327
 4.280	51.1296
 4.285	51.2266
 4.290	51.3236
 4.295	0.0000
 4.300	51.5180
 4.305	51.6154
 4.310	51.7128
 4.315	51.8103
 4.320	51.9080
 4.325	52.0057
 4.330	52.1035
 4.335	52.2014
 4.340	52.2993
 4.345	52.3974
 4.350	52.4956
 4.355	52.5938
 4.360	52.6922
 4.365	52.7906
 4.370	52.8892
 4.375	52.9878
 4.380	53.0865
 4.385	53.1853
 4.390	53.2842
 4.395	53.3832
 4.400	53.4823
 4.405	53.5815
 4.410	53.6808
 4.415	53.7801
 4.420	53.8796
 4.425	0.0000
 4.430	54.0788
 4.435	54.1785
 4.440	54.2783
 4.445	54.3782
 4.450	54.4782
 4.455	54.5783
 4.460	54.6785
 4.465	54.7788
 4.470	54.8792
 4.475	54.9797
 4.480	55.0802
 4.485	55.1809
 4.490	55.2816
 4.495	55.3824
 4.500	55.4834
 4.505	55.5844
 4.510	55.6855
 4.515	55.7867
 4.520	55.8880
 4.525	55.9894
 4.530	56.0908
 4.535	56.1924
 4.540	56.2941
 4.545	56.3958
 4.550	56.4977
 4.555	56.5996
 4.560	56.7016
 4.565	56.8037
 4.570	56.9060
 4.575	57.0083
 4.580	57.1106
 4.585	57.2131
 4.590	57.3157
 4.595	57.4184
 4.600	57.5211
 4.605	57.6240
 4.610	57.7269
 4.615	57.8300
 4.620	57.9331
 4.625	58.0363
 4.630	58.1396
 4.635	58.2431
 4.640	58.3466
 4.645	58.4501
 4.650	58.5538
 4.655	58.6576
 4.660	58.7615
 4.665	0.0000
 4.670	58.9695
 4.675	59.0736
 4.680	59.1778
 4.685	59.2822
 4.690	59.3866
 4.695	59.4911
 4.700	59.5957
 4.705	59.7004
 4.710	59.8052
 4.715	59.9100
 4.720	60.0150
 4.725	60.1201
 4.730	60.2252
 4.735	60.3305
 4.740	0.0000
 4.745	0.0000
 4.750	60.6467
 4.755	60.7523
 4.760	60.8580
 4.765	60.9638
 4.770	61.0697
 4.775	61.1757
 4.780	61.2818
 4.785	61.3879
 4.790	0.0000
 4.795	61.6005
 4.800	61.7070
 4.805	61.8135
 4.810	61.9201
 4.815	62.0268
 4.820	62.1336
 4.825	62.2405
 4.830	62.3475
 4.835	62.4546
 4.840	62.5618
 4.845	62.6690
 4.850	62.7764
 4.855	62.8838
 4.860	62.9914
 4.865	63.0990
 4.870	63.2067
 4.875	63.3146
 4.880	63.4225
 4.885	63.5305
 4.890	0.0000
 4.895	63.7467
 4.900	63.8550
 4.905	63.9634
 4.910	64.0718
 4.915	64.1804
 4.920	64.2890
 4.925	64.3978
 4.930	64.5066
 4.935	64.6155
 4.940	64.7245
 4.945	64.8336
 4.950	64.9428
 4.955	65.0521
 4.960	65.1615
 4.965	65.2709
 4.970	65.3805
 4.975	65.4902
 4.980	0.0000
 4.985	65.7097
 4.990	65.8197
 4.995	65.9297
 5.000	66.0398
 5.005	66.1500
 5.010	66.2603
 5.015	66.3707
 5.020	66.4812
 5.025	66.5917
 5.030	66.7024
 5.035	0.0000
 5.040	66.9240
 5.045	67.0349
 5.050	67.1460
 5.055	67.2571
 5.060	67.3683
 5.065	67.4796
 5.070	67.5910
 5.075	67.7025
 5.080	67.8141
 5.085	67.9258
 5.090	68.0375
 5.095	0.0000
 5.100	68.2613
 5.105	68.3734
 5.110	68.4855
 5.115	68.5977
 5.120	68.7101
 5.125	68.8225
 5.130	68.9350
 5.135	69.0476
 5.140	69.1602
 5.145	69.2730
 5.150	69.3859
 5.155	69.4988
 5.160	69.6119
 5.165	69.7250
 5.170	69.8383
 5.175	69.9516
 5.180	70.0650
 5.185	70.1785
 5.190	70.2921
 5.195	70.4058
 5.200	70.5196
 5.205	70.6335
 5.210	70.7475
 5.215	70.8615
 5.220	70.9757
 5.225	71.0899
 5.230	71.2043
 5.235	71.3187
 5.240	71.4332
 5.245	71.5478
 5.250	71.6625
 5.255	71.7773
 5.260	71.8922
 5.265	72.0072
 5.270	72.1223
 5.275	72.2375
 5.280	72.3527
 5.285	72.4681
 5.290	72.5835
 5.295	72.6990
 5.300	72.8147
 5.305	72.9304
 5.310	0.0000
 5.315	73.1621
 5.320	73.2781
 5.325	73.3942
 5.330	73.5103
 5.335	0.0000
 5.340	73.7430
 5.345	73.8594
 5.350	73.9760
 5.355	74.0926
 5.360	74.2093
 5.365	74.3261
 5.370	74.4431
 5.375	74.5601
 5.380	74.6771
 5.385	74.7943
 5.390	74.9116
 5.395	75.0290
 5.400	75.1464
 5.405	75.2640
 5.410	75.3816
 5.415	0.0000
 5.420	75.6172
 5.425	0.0000
 5.430	75.8531
 5.435	75.9713
 5.440	76.0895
 5.445	76.2077
 5.450	76.3261
 5.455	76.4446
 5.460	76.5632
 5.465	76.6818
 5.470	76.8006
 5.475	76.9194
 5.480	77.0383
 5.485	77.1574
 5.490	77.2765
 5.495	77.3957
 5.500	0.0000
 5.505	77.6344
 5.510	77.7539
 5.515	77.8734
 5.520	77.9931
 5.525	78.1129
 5.530	78.2327
 5.535	78.3527
 5.540	78.4727
 5.545	78.5928
 5.550	78.7130
 5.555	78.8333
 5.560	78.9537
 5.565	79.0742
 5.570	0.0000
 5.575	0.0000
 5.580	79.4363
 5.585	79.5571
 5.590	79.6781
 5.595	79.7991
 5.600	0.0000
 5.605	80.0415
 5.610	80.1628
 5.615	0.0000
 5.620	80.4057
 5.625	0.0000
 5.630	80.6490
 5.635	80.7708
 5.640	80.8927
 5.645	81.0146
 5.650	81.1367
 5.655	81.2588
 5.660	81.3811
 5.665	81.5034
 5.670	81.6258
 5.675	81.7484
 5.680	81.8710
 5.685	81.9937
 5.690	82.1165
 5.695	82.2393
 5.700	0.0000
 5.705	82.4854
 5.710	0.0000
 5.715	82.7318
 5.720	82.8551
 5.725	82.9786
 5.730	83.1021
 5.735	83.2257
 5.740	0.0000
 5.745	83.4732
 5.750	83.5971
 5.755	83.7211
 5.760	83.8452
 5.765	83.9693
 5.770	84.0936
 5.775	84.2180
 5.780	84.3424
 5.785	84.4669
 5.790	84.5916
 5.795	84.7163
 5.800	0.0000
 5.805	84.9660
 5.810	85.0910
 5.815	85.2161
 5.820	85.3413
 5.825	85.4665
 5.830	85.5919
 5.835	85.7174
 5.840	85.8429
 5.845	85.9685
 5.850	86.0943
 5.855	86.2201
 5.860	86.3460
 5.865	86.4720
 5.870	86.5981
 5.875	86.7243
 5.880	86.8506
 5.885	0.0000
 5.890	87.1034
 5.895	87.2300
 5.900	87.3566
 5.905	0.0000
 5.910	87.6102
 5.915	87.7371
 5.920	87.8642
 5.925	87.9913
 5.930	88.1185
 5.935	88.2458
 5.940	88.3731
 5.945	88.5006
 5.950	88.6282
 5.955	88.7558
 5.960	88.8836
 5.965	89.0114
 5.970	89.1394
 5.975	89.2674
 5.980	89.3955
 5.985	0.0000
 5.990	89.6520
 5.995	89.7804
 6.000	89.9089
 6.005	90.0375
 6.010	90.1662
 6.015	90.2949
 6.020	90.4238
 6.025	90.5527
 6.030	90.6818
 6.035	90.8109
 6.040	90.9401
 6.045	91.0694
 6.050	91.1988
 6.055	91.3283
 6.060	91.4579
 6.065	91.5876
 6.070	91.7174
 6.075	91.8473
 6.080	91.9772
 6.085	92.1073
 6.090	92.2374
 6.095	92.3676
 6.100	92.4980
 6.105	92.6284
 6.110	92.7589
 6.115	92.8895
 6.120	93.0202
 6.125	0.0000
 6.130	93.2818
 6.135	93.4128
 6.140	93.5439
 6.145	93.6750
 6.150	93.8063
 6.155	93.9376
 6.160	0.0000
 6.165	0.0000
 6.170	0.0000
 6.175	94.4639
 6.180	94.5956
 6.185	94.7275
 6.190	94.8595
 6.195	94.9916
 6.200	95.1237
 6.205	95.2560
 6.210	95.3883
 6.215	95.5208
 6.220	95.6533
 6.225	95.7859
 6.230	95.9186
 6.235	96.0515
 6.240	96.1844
 6.245	96.3173
 6.250	96.4504
 6.255	96.5836
 6.260	96.7169
 6.265	96.8502
 6.270	96.9837
 6.275	97.1172
 6.280	97.2508
 6.285	97.3846
 6.290	97.5184
 6.295	97.6523
 6.300	97.7863
 6.305	0.0000
 6.310	98.0546
 6.315	98.1888
 6.320	98.3232
 6.325	98.4577
 6.330	98.5922
 6.335	98.7269
 6.340	98.8616
 6.345	98.9964
 6.350	99.1313
 6.355	99.2663
 6.360	99.4014
 6.365	99.5366
 6.370	99.6719
 6.375	99.8073
 6.380	99.9428
 6.385	100.0783
 6.390	100.2140
 6.395	100.3497
 6.400	100.4856
 6.405	100.6215
 6.410	100.7575
 6.415	100.8936
 6.420	101.0298
 6.425	101.1661
 6.430	0.0000
 6.435	0.0000
 6.440	101.5756
 6.445	0.0000
 6.450	101.8490
 6.455	101.9858
 6.460	102.1228
 6.465	102.2598
 6.470	102.3969
 6.475	102.5342
 6.480	102.6715
 6.485	0.0000
 6.490	102.9464
 6.495	103.0839
 6.500	103.2216
 6.505	103.3594
 6.510	0.0000
 6.515	103.6352
 6.520	103.7732
 6.525	103.9114
 6.530	0.0000
 6.535	104.1879
 6.540	104.3263
 6.545	104.4648
 6.550	104.6034
 6.555	104.7421
 6.560	0.0000
 6.565	105.0197
 6.570	105.1587
 6.575	105.2978
 6.580	105.4369
 6.585	105.5761
 6.590	105.7155
 6.595	105.8549
 6.600	0.0000
 6.605	106.1340
 6.610	0.0000
 6.615	0.0000
 6.620	106.5534
 6.625	106.6933
 6.630	106.8334
 6.635	106.9736
 6.640	107.1138
 6.645	107.2541
 6.650	107.3946
 6.655	0.0000
 6.660	0.0000
 6.665	107.8164
 6.670	107.9572
 6.675	108.0981
 6.680	108.2391
 6.685	108.3802
 6.690	108.5213
 6.695	108.6626
 6.700	108.8039
 6.705	108.9454
 6.710	109.0869
 6.715	109.2285
 6.720	109.3703
 6.725	109.5121
 6.730	109.6540
 6.735	109.7960
 6.740	109.9380
 6.745	110.0802
 6.750	110.2225
 6.755	110.3648
 6.760	110.5073
 6.765	110.6498
 6.770	110.7925
 6.775	110.9352
 6.780	111.0780
 6.785	111.2209
 6.790	111.3639
 6.795	0.0000
 6.800	111.6502
 6.805	111.7935
 6.810	111.9369
 6.815	112.0803
 6.820	0.0000
 6.825	112.3675
 6.830	0.0000
 6.835	112.6551
 6.840	112.7990
 6.845	112.9430
 6.850	113.0871
 6.855	113.2313
 6.860	113.3756
 6.865	113.5200
 6.870	113.6645
 6.875	113.8091
 6.880	113.9537
 6.885	114.0985
 6.890	114.2433
 6.895	114.3882
 6.900	114.5333
 6.905	114.6784
 6.910	114.8236
 6.915	114.9689
 6.920	115.1143
 6.925	115.2598
 6.930	115.4053
 6.935	115.5510
 6.940	115.6968
 6.945	115.8426
 6.950	115.9886
 6.955	116.1346
 6.960	116.2807
 6.965	116.4269
 6.970	116.5733
 6.975	116.7197
 6.980	116.8661
 6.985	117.0127
 6.990	0.0000
 6.995	117.3062
 7.000	117.4530
 7.005	117.6000
 7.010	117.7470
 7.015	117.8942
 7.020	118.0414
 7.025	118.1887
 7.030	118.3361
 7.035	118.4837
 7.040	0.0000
 7.045	118.7789
 7.050	118.9267
 7.055	119.0746
 7.060	0.0000
 7.065	0.0000
 7.070	119.5188
 7.075	119.6670
 7.080	119.8153
 7.085	119.9638
 7.090	120.1123
 7.095	120.2609
 7.100	120.4096
 7.105	120.5584
 7.110	0.0000
 7.115	120.8562
 7.120	121.0053
 7.125	121.1545
 7.130	121.3037
 7.135	121.4531
 7.140	121.6025
 7.145	121.7520
 7.150	0.0000
 7.155	122.0513
 7.160	122.2011
 7.165	122.3510
 7.170	122.5010
 7.175	122.6511
 7.180	122.8013
 7.185	122.9515
 7.190	123.1019
 7.195	123.2523
 7.200	123.4029
 7.205	123.5535
 7.210	123.7042
 7.215	0.0000
 7.220	124.0059
 7.225	124.1569
 7.230	0.0000
 7.235	124.4592
 7.240	124.6105
 7.245	124.7618
 7.250	124.9133
 7.255	125.0648
 7.260	125.2165
 7.265	125.3682
 7.270	125.5200
 7.275	125.6720
 7.280	0.0000
 7.285	125.9761
 7.290	126.1283
 7.295	126.2805
 7.300	126.4329
 7.305	126.5854
 7.310	126.7379
 7.315	126.8906
 7.320	127.0433
 7.325	127.1962
 7.330	127.3491
 7.335	127.5021
 7.340	127.6552
 7.345	127.8084
 7.350	127.9617
 7.355	128.1151
 7.360	128.2686
 7.365	128.4221
 7.370	128.5758
 7.375	128.7296
 7.380	128.8834
 7.385	129.0373
 7.390	129.1914
 7.395	129.3455
 7.400	129.4997
 7.405	129.6540
 7.410	129.8084
 7.415	129.9629
 7.420	130.1175
 7.425	130.2721
 7.430	130.4269
 7.435	130.5818
 7.440	130.7367
 7.445	130.8917
 7.450	131.0469
 7.455	131.2021
 7.460	131.3574
 7.465	131.5128
 7.470	131.6683
 7.475	131.8239
 7.480	131.9796
 7.485	132.1354
 7.490	132.2912
 7.495	0.0000
 7.500	132.6032
 7.505	0.0000
 7.510	132.9156
 7.515	133.0719
 7.520	133.2284
 7.525	133.3849
 7.530	133.5415
 7.535	133.6982
 7.540	133.8549
 7.545	134.0118
 7.550	134.1688
 7.555	134.3258
 7.560	134.4830
 7.565	134.6402
 7.570	134.7976
 7.575	134.9550
 7.580	135.1125
 7.585	135.2701
 7.590	135.4278
 7.595	135.5856
 7.600	0.0000
 7.605	135.9015
 7.610	136.0596
 7.615	0.0000
 7.620	136.3760
 7.625	136.5343
 7.630	136.6928
 7.635	136.8513
 7.640	137.0099
 7.645	137.1686
 7.650	137.3274
 7.655	137.4863
 7.660	137.6453
 7.665	137.8044
 7.670	137.9636
 7.675	138.1229
 7.680	138.2822
 7.685	138.4417
 7.690	138.6012
 7.695	138.7608
 7.700	0.0000
 7.705	139.0804
 7.710	139.2403
 7.715	139.4003
 7.720	139.5604
 7.725	139.7206
 7.730	139.8808
 7.735	140.0412
 7.740	140.2017
 7.745	140.3622
 7.750	140.5229
 7.755	140.6836
 7.760	140.8444
 7.765	141.0053
 7.770	141.1664
 7.775	141.3275
 7.780	141.4886
 7.785	141.6499
 7.790	141.8113
 7.795	141.9728
 7.800	142.1343
 7.805	142.2960
 7.810	142.4577
 7.815	142.6196
 7.820	0.0000
 7.825	142.9435
 7.830	143.1056
 7.835	0.0000
 7.840	143.4302
 7.845	143.5925
 7.850	143.7550
 7.855	143.9176
 7.860	144.0803
 7.865	0.0000
 7.870	144.4059
 7.875	144.5688
 7.880	144.7318
 7.885	144.8950
 7.890	145.0582
 7.895	145.2215
 7.900	145.3849
 7.905	145.5484
 7.910	145.7120
 7.915	145.8756
 7.920	146.0394
 7.925	146.2033
 7.930	146.3672
 7.935	146.5313
 7.940	0.0000
 7.945	146.8596
 7.950	0.0000
 7.955	147.1883
 7.960	147.3528
 7.965	147.5174
 7.970	147.6821
 7.975	147.8469
 7.980	148.0118
 7.985	148.1767
 7.990	148.3418
 7.995	148.5069
 8.000	148.6722
 8.005	148.8375
 8.010	149.0029
 8.015	149.1684
 8.020	149.3340
 8.025	149.4997
 8.030	149.6655
 8.035	149.8314
 8.040	149.9974
 8.045	150.1634
 8.050	150.3296
 8.055	150.4958
 8.060	150.6622
 8.065	0.0000
 8.070	150.9951
 8.075	151.1618
 8.080	151.3285
 8.085	0.0000
 8.090	151.6622
 8.095	151.8291
 8.100	151.9962
 8.105	152.1634
 8.110	152.3306
 8.115	152.4980
 8.120	152.6654
 8.125	152.8330
 8.130	153.0006
 8.135	153.1683
 8.140	153.3361
 8.145	0.0000
 8.150	153.6720
 8.155	153.8401
 8.160	154.0083
 8.165	154.1765
 8.170	154.3449
 8.175	154.5134
 8.180	154.6819
 8.185	154.8505
 8.190	155.0193
 8.195	155.1881
 8.200	155.3570
 8.205	155.5260
 8.210	155.6951
 8.215	155.8643
 8.220	156.0336
 8.225	156.2029
 8.230	156.3724
 8.235	156.5420
 8.240	0.0000
 8.245	156.8813
 8.250	157.0512
 8.255	0.0000
 8.260	157.3911
 8.265	157.5612
 8.270	0.0000
 8.275	157.9017
 8.280	158.0721
 8.285	158.2426
 8.290	158.4131
 8.295	158.5838
 8.300	158.7545
 8.305	0.0000
 8.310	159.0963
 8.315	159.2673
 8.320	159.4385
 8.325	0.0000
 8.330	159.7810
 8.335	0.0000
 8.340	160.1238
 8.345	160.2954
 8.350	160.4671
 8.355	160.6388
 8.360	160.8107
 8.365	160.9826
 8.370	161.1547
 8.375	161.3268
 8.380	161.4990
 8.385	161.6713
 8.390	161.8437
 8.395	162.0162
 8.400	162.1888
 8.405	162.3615
 8.410	162.5343
 8.415	162.7071
 8.420	0.0000
 8.425	163.0531
 8.430	163.2263
 8.435	163.3995
 8.440	163.5728
 8.445	163.7462
 8.450	163.9197
 8.455	164.0933
 8.460	164.2670
 8.465	164.4408
 8.470	164.6147
 8.475	164.7887
 8.480	164.9627
 8.485	165.1369
 8.490	165.3111
 8.495	0.0000
 8.500	165.6599
 8.505	165.8344
 8.510	166.0090
 8.515	166.1837
 8.520	166.3585
 8.525	166.5334
 8.530	166.7083
 8.535	166.8834
 8.540	167.0586
 8.545	167.2338
 8.550	167.4092
 8.555	167.5846
 8.560	167.7601
 8.565	167.9357
 8.570	168.1115
 8.575	168.2873
 8.580	168.4631
 8.585	168.6391
 8.590	168.8152
 8.595	168.9914
 8.600	169.1676
 8.605	169.3440
 8.610	169.5204
 8.615	169.6970
 8.620	169.8736
 8.625	170.0503
 8.630	0.0000
 8.635	170.4041
 8.640	170.5811
 8.645	170.7581
 8.650	0.0000
 8.655	171.1126
 8.660	171.2900
 8.665	171.4674
 8.670	171.6450
 8.675	0.0000
 8.680	172.0003
 8.685	172.1782
 8.690	172.3561
 8.695	172.5341
 8.700	172.7122
 8.705	0.0000
 8.710	173.0687
 8.715	173.2470
 8.720	173.4255
 8.725	173.6041
 8.730	173.7827
 8.735	173.9615
 8.740	0.0000
 8.745	174.3192
 8.750	174.4982
 8.755	174.6773
 8.760	174.8565
 8.765	175.0358
 8.770	175.2152
 8.775	175.3947
 8.780	175.5743
 8.785	175.7539
 8.790	0.0000
 8.795	176.1135
 8.800	176.2935
 8.805	176.4735
 8.810	176.6536
 8.815	176.8338
 8.820	177.0141
 8.825	177.1945
 8.830	177.3750
 8.835	177.5556
 8.840	177.7363
 8.845	177.9170
 8.850	0.0000
 8.855	178.2788
 8.860	0.0000
 8.865	178.6410
 8.870	178.8222
 8.875	179.0036
 8.880	179.1850
 8.885	179.3665
 8.890	179.5481
 8.895	179.7297
 8.900	179.9115
 8.905	180.0934
 8.910	180.2753
 8.915	180.4574
 8.920	180.6395
 8.925	180.8218
 8.930	0.0000
 8.935	181.1865
 8.940	181.3690
 8.945	181.5516
 8.950	181.7343
 8.955	181.9171
 8.960	182.1000
 8.965	182.2829
 8.970	182.4660
 8.975	182.6492
 8.980	182.8324
 8.985	183.0157
 8.990	0.0000
 8.995	183.3827
 9.000	183.5663
 9.005	183.7500
 9.010	183.9338
 9.015	184.1177
 9.020	184.3017
 9.025	184.4857
 9.030	184.6699
 9.035	184.8542
 9.040	185.0385
 9.045	185.2229
 9.050	185.4075
 9.055	185.5921
 9.060	185.7768
 9.065	0.0000
 9.070	186.1465
 9.075	186.3315
 9.080	186.5166
 9.085	186.7018
 9.090	186.8870
 9.095	187.0724
 9.100	187.2578
 9.105	187.4434
 9.110	187.6290
 9.115	187.8147
 9.120	188.0006
 9.125	188.1865
 9.130	188.3725
 9.135	188.5586
 9.140	188.7447
 9.145	188.9310
 9.150	189.1174
 9.155	189.3038
 9.160	189.4904
 9.165	189.6770
 9.170	189.8638
 9.175	190.0506
 9.180	0.0000
 9.185	190.4245
 9.190	190.6116
 9.195	190.7988
 9.200	190.9861
 9.205	191.1735
 9.210	191.3610
 9.215	191.5485
 9.220	191.7362
 9.225	0.0000
 9.230	192.1118
 9.235	192.2997
 9.240	192.4877
 9.245	192.6758
 9.250	192.8640
 9.255	193.0523
 9.260	193.2407
 9.265	0.0000
 9.270	193.6178
 9.275	193.8065
 9.280	193.9952
 9.285	194.1841
 9.290	194.3730
 9.295	0.0000
 9.300	0.0000
 9.305	194.9404
 9.310	195.1297
 9.315	195.3191
 9.320	195.5086
 9.325	195.6982
 9.330	195.8878
 9.335	196.0776
 9.340	196.2675
 9.345	196.4574
 9.350	196.6475
 9.355	196.8376
 9.360	197.0278
 9.365	197.2181
 9.370	197.4086
 9.375	197.5991
 9.380	197.7896
 9.385	0.0000
 9.390	198.1711
 9.395	198.3620
 9.400	198.5529
 9.405	198.7440
 9.410	198.9351
 9.415	199.1264
 9.420	199.3177
 9.425	199.5091
 9.430	199.7006
 9.435	0.0000
 9.440	200.0840
 9.445	200.2757
 9.450	200.4676
 9.455	200.6596
 9.460	200.8517
 9.465	201.0438
 9.470	201.2361
 9.475	201.4284
 9.480	201.6208
 9.485	201.8134
 9.490	202.0060
 9.495	202.1987
 9.500	202.3915
 9.505	202.5844
 9.510	202.7774
 9.515	202.9704
 9.520	203.1636
 9.525	203.3569
 9.530	203.5502
 9.535	203.7437
 9.540	203.9372
 9.545	204.1308
 9.550	204.3245
 9.555	204.5183
 9.560	204.7122
 9.565	204.9062
 9.570	205.1003
 9.575	205.2945
 9.580	205.4888
 9.585	0.0000
 9.590	205.8776
 9.595	206.0721
 9.600	206.2668
 9.605	206.4615
 9.610	206.6563
 9.615	206.8512
 9.620	207.0462
 9.625	207.2413
 9.630	207.4365
 9.635	0.0000
 9.640	207.8272
 9.645	208.0226
 9.650	208.2182
 9.655	208.4138
 9.660	208.6096
 9.665	208.8054
 9.670	209.0013
 9.675	209.1974
 9.680	209.3935
 9.685	209.5897
 9.690	209.7860
 9.695	209.9823
 9.700	210.1788
 9.705	210.3754
 9.710	0.0000
 9.715	210.7688
 9.720	210.9656
 9.725	211.1626
 9.730	211.3596
 9.735	211.5567
 9.740	211.7539
 9.745	211.9512
 9.750	212.1486
 9.755	212.3461
 9.760	0.0000
 9.765	212.7413
 9.770	212.9391
 9.775	213.1370
 9.780	213.3349
 9.785	213.5329
 9.790	213.7311
 9.795	213.9293
 9.800	214.1276
 9.805	214.3260
 9.810	0.0000
 9.815	214.7231
 9.820	214.9218
 9.825	215.1205
 9.830	215.3194
 9.835	215.5184
 9.840	215.7174
 9.845	215.9165
 9.850	216.1158
 9.855	216.3151
 9.860	216.5145
 9.865	216.7140
 9.870	216.9136
 9.875	217.1133
 9.880	217.3131
 9.885	0.0000
 9.890	217.7129
 9.895	217.9130
 9.900	218.1131
 9.905	218.3134
 9.910	218.5137
 9.915	218.7141
 9.920	218.9147
 9.925	219.1153
 9.930	219.3160
 9.935	219.5168
 9.940	219.7176
 9.945	219.9186
 9.950	220.1197
 9.955	220.3208
 9.960	220.5221
 9.965	220.7234
 9.970	220.9249
 9.975	221.1264
 9.980	221.3280
 9.985	221.5297
 9.990	221.7315
 9.995	221.9334
10.000	222.1354
10.005	222.3375
10.010	222.5397
10.015	222.7419
10.020	222.9443
10.025	223.1467
10.030	223.3493
10.035	223.5519
10.040	223.7546
10.045	223.9574
10.050	224.1603
10.055	224.3633
10.060	224.5664
10.065	224.7696
10.070	224.9729
10.075	0.0000
10.080	225.3797
10.085	0.0000
10.090	225.7869
10.095	225.9906
10.100	226.1945
10.105	226.3984
10.110	226.6024
10.115	226.8065
10.120	227.0107
10.125	227.2150
10.130	227.4193
10.135	227.6238
10.140	227.8284
10.145	228.0330
10.150	228.2378
10.155	228.4426
10.160	0.0000
10.165	228.8525
10.170	0.0000
10.175	229.2629
10.180	229.4681
10.185	229.6735
10.190	0.0000
10.195	230.0846
10.200	230.2902
10.205	230.4960
10.210	230.7018
10.215	230.9078
10.220	231.1138
10.225	231.3199
10.230	231.5261
10.235	231.7325
10.240	0.0000
10.245	0.0000
10.250	232.3519
10.255	232.5586
10.260	232.7654
10.265	232.9722
10.270	233.1792
10.275	233.3862
10.280	233.5933
10.285	233.8006
10.290	234.0079
10.295	234.2153
10.300	234.4228
10.305	234.6304
10.310	0.0000
10.315	235.0458
10.320	235.2537
10.325	235.4617
10.330	235.6697
10.335	235.8779
10.340	236.0861
10.345	236.2944
10.350	236.5028
10.355	236.7113
10.360	236.9199
10.365	237.1286
10.370	237.3374
10.375	237.5463
10.380	237.7553
10.385	237.9643
10.390	238.1735
10.395	238.3827
10.400	238.5921
10.405	238.8015
10.410	239.0110
10.415	239.2206
10.420	239.4303
10.425	239.6401
10.430	239.8500
10.435	240.0600
10.440	240.2701
10.445	0.0000
10.450	240.6905
10.455	240.9008
10.460	241.1113
10.465	0.0000
10.470	241.5324
10.475	241.7432
10.480	241.9540
10.485	242.1649
10.490	242.3759
10.495	242.5869
10.500	242.7981
10.505	0.0000
10.510	243.2207
10.515	243.4322
10.520	243.6437
10.525	243.8554
10.530	0.0000
10.535	244.2789
10.540	244.4908
10.545	244.7028
10.550	244.9149
10.555	245.1271
10.560	245.3394
10.565	245.5517
10.570	245.7642
10.575	245.9768
10.580	246.1894
10.585	246.4021
10.590	246.6150
10.595	246.8279
10.600	247.0409
10.605	247.2540
10.610	247.4672
10.615	247.6805
10.620	247.8939
10.625	248.1073
10.630	248.3209
10.635	248.5346
10.640	248.7483
10.645	248.9621
10.650	249.1761
10.655	249.3901
10.660	0.0000
10.665	249.8184
10.670	250.0327
10.675	250.2471
10.680	250.4616
10.685	250.6762
10.690	250.8908
10.695	251.1056
10.700	251.3204
10.705	251.5354
10.710	251.7504
10.715	251.9655
10.720	252.1808
10.725	252.3961
10.730	252.6115
10.735	252.8270
10.740	253.0425
10.745	253.2582
10.750	253.4740
10.755	253.6898
10.760	253.9058
10.765	254.1218
10.770	254.3380
10.775	254.5542
10.780	254.7705
10.785	254.9869
10.790	255.2034
10.795	255.4200
10.800	0.0000
10.805	255.8535
10.810	256.0704
10.815	256.2873
10.820	256.5044
10.825	256.7215
10.830	256.9388
10.835	257.1561
10.840	257.3735
10.845	257.5910
10.850	257.8086
10.855	258.0263
10.860	258.2441
10.865	258.4620
10.870	258.6800
10.875	258.8981
10.880	259.1162
10.885	0.0000
10.890	259.5528
10.895	259.7712
10.900	259.9898
10.905	0.0000
10.910	260.4271
10.915	0.0000
10.920	260.8648
10.925	261.0838
10.930	261.3028
10.935	0.0000
10.940	261.7413
10.945	261.9606
10.950	262.1801
10.955	262.3996
10.960	0.0000
10.965	262.8389
10.970	263.0588
10.975	263.2787
10.980	263.4986
10.985	263.7187
10.990	0.0000
10.995	264.1592
11.000	0.0000
11.005	264.6000
11.010	264.8205
11.015	265.0412
11.020	265.2619
11.025	265.4827
11.030	265.7036
11.035	265.9247
11.040	0.0000
11.045	266.3669
11.050	0.0000
11.055	266.8096
11.060	267.0311
11.065	0.0000
11.070	0.0000
11.075	267.6960
11.080	267.9178
11.085	268.1398
11.090	268.3618
11.095	268.5839
11.100	268.8061
11.105	269.0284
11.110	269.2508
11.115	269.4732
11.120	269.6958
11.125	269.9185
11.130	270.1412
11.135	270.3641
11.140	270.5870
11.145	270.8100
11.150	271.0331
11.155	271.2563
11.160	271.4796
11.165	271.7030
11.170	271.9265
11.175	272.1501
11.180	272.3738
11.185	0.0000
11.190	272.8214
11.195	273.0453
11.200	0.0000
11.205	273.4935
11.210	273.7177
11.215	273.9420
11.220	274.1664
11.225	274.3909
11.230	274.6155
11.235	274.8402
11.240	275.0650
11.245	275.2898
11.250	275.5148
11.255	275.7398
11.260	0.0000
11.265	0.0000
11.270	276.4155
11.275	276.6410
11.280	276.8665
11.285	277.0921
11.290	0.0000
11.295	277.5435
11.300	277.7694
11.305	277.9954
11.310	278.2214
11.315	278.4476
11.320	278.6738
11.325	278.9002
11.330	279.1266
11.335	279.3531
11.340	279.5797
11.345	279.8064
11.350	280.0332
11.355	280.2601
11.360	280.4871
11.365	0.0000
11.370	280.9413
11.375	281.1686
11.380	281.3959
11.385	281.6233
11.390	281.8509
11.395	282.0785
11.400	282.3062
11.405	282.5340
11.410	282.7619
11.415	282.9899
11.420	283.2180
11.425	0.0000
11.430	283.6744
11.435	283.9028
11.440	284.1312
11.445	284.3597
11.450	284.5884
11.455	0.0000
11.460	285.0459
11.465	285.2748
11.470	285.5038
11.475	285.7329
11.480	285.9621
11.485	0.0000
11.490	286.4207
11.495	286.6502
11.500	286.8797
11.505	0.0000
11.510	287.3391
11.515	287.5689
11.520	287.7989
11.525	288.0289
11.530	288.2590
11.535	288.4892
11.540	288.7194
11.545	288.9498
11.550	289.1803
11.555	289.4108
11.560	289.6415
11.565	289.8722
11.570	290.1031
11.575	290.3340
11.580	290.5650
11.585	290.7961
11.590	0.0000
11.595	291.2586
11.600	291.4900
11.605	291.7215
11.610	291.9531
11.615	292.1847
11.620	292.4165
11.625	292.6483
11.630	0.0000
11.635	293.1123
11.640	293.3444
11.645	293.5766
11.650	293.8089
11.655	294.0413
11.660	294.2738
11.665	0.0000
11.670	294.7391
11.675	294.9719
11.680	295.2047
11.685	0.0000
11.690	295.6707
11.695	0.0000
11.700	296.1371
11.705	296.3704
11.710	296.6038
11.715	296.8373
11.720	297.0709
11.725	297.3046
11.730	0.0000
11.735	297.7722
11.740	298.0062
11.745	298.2402
11.750	298.4744
11.755	298.7086
11.760	298.9429
11.765	299.1773
11.770	299.4119
11.775	299.6465
11.780	299.8811
11.785	300.1159
11.790	300.3508
11.795	300.5858
11.800	300.8208
11.805	301.0560
11.810	301.2912
11.815	301.5266
11.820	301.7620
11.825	301.9975
11.830	302.2331
11.835	302.4689
11.840	0.0000
11.845	0.0000
11.850	0.0000
11.855	303.4126
11.860	0.0000
11.865	303.8850
11.870	304.1214
11.875	304.3578
11.880	304.5943
11.885	304.8310
11.890	305.0677
11.895	305.3045
11.900	305.5414
11.905	305.7784
11.910	306.0155
11.915	306.2526
11.920	306.4899
11.925	306.7273
11.930	306.9647
11.935	307.2023
11.940	307.4399
11.945	307.6776
11.950	307.9154
11.955	308.1533
11.960	308.3913
11.965	308.6294
11.970	0.0000
11.975	309.1059
11.980	309.3443
11.985	0.0000
11.990	309.8213
11.995	310.0599
12.000	310.2987
12.005	310.5375
12.010	310.7764
12.015	311.0154
12.020	311.2545
12.025	311.4937
12.030	0.0000
12.035	311.9724
12.040	312.2119
12.045	312.4514
12.050	0.0000
12.055	312.9308
12.060	313.1707
12.065	313.4106
12.070	313.6506
12.075	313.8908
12.080	314.1310
12.085	314.3713
12.090	314.6117
12.095	314.8521
12.100	315.0927
12.105	315.3334
12.110	315.5741
12.115	315.8150
12.120	316.0559
12.125	316.2970
12.130	316.5381
12.135	316.7793
12.140	317.0206
12.145	317.2620
12.150	317.5035
12.155	0.0000
12.160	317.9868
12.165	318.2285
12.170	318.4704
12.175	318.7124
12.180	318.9544
12.185	319.1965
12.190	319.4388
12.195	319.6811
12.200	319.9235
12.205	320.1660
12.210	320.4086
12.215	320.6513
12.220	320.8941
12.225	321.1369
12.230	321.3799
12.235	321.6230
12.240	321.8661
12.245	322.1093
12.250	322.3527
12.255	322.5961
12.260	322.8396
12.265	323.0832
12.270	323.3269
12.275	323.5707
12.280	323.8146
12.285	324.0586
12.290	324.3026
12.295	324.5468
12.300	324.7910
12.305	325.0354
12.310	325.2798
12.315	325.5243
12.320	325.7690
12.325	326.0137
12.330	326.2585
12.335	0.0000
12.340	326.7483
12.345	0.0000
12.350	327.2386
12.355	0.0000
12.360	327.7292
12.365	327.9746
12.370	328.2202
12.375	328.4658
12.380	328.7115
12.385	328.9573
12.390	329.2032
12.395	329.4492
12.400	329.6953
12.405	329.9415
12.410	330.1878
12.415	330.4341
12.420	330.6806
12.425	330.9271
12.430	0.0000
12.435	331.4205
12.440	331.6673
12.445	331.9142
12.450	332.1612
12.455	332.4083
12.460	332.6555
12.465	332.9028
12.470	333.1502
12.475	333.3977
12.480	333.6452
12.485	333.8929
12.490	334.1406
12.495	334.3884
12.500	334.6364
12.505	0.0000
12.510	335.1325
12.515	335.3807
12.520	335.6290
12.525	335.8774
12.530	336.1258
12.535	336.3744
12.540	336.6231
12.545	336.8718
12.550	0.0000
12.555	0.0000
12.560	337.6186
12.565	337.8677
12.570	338.1170
12.575	338.3663
12.580	338.6156
12.585	338.8651
12.590	339.1147
12.595	339.3644
12.600	0.0000
12.605	339.8640
12.610	340.1139
12.615	340.3640
12.620	340.6141
12.625	340.8643
12.630	341.1146
12.635	341.3651
12.640	341.6156
12.645	341.8661
12.650	342.1168
12.655	342.3676
12.660	0.0000
12.665	342.8694
12.670	343.1205
12.675	343.3716
12.680	343.6228
12.685	343.8742
12.690	344.1256
12.695	344.3771
12.700	344.6287
12.705	344.8804
12.710	345.1322
12.715	345.3840
12.720	345.6360
12.725	345.8881
12.730	346.1402
12.735	346.3925
12.740	346.6448
12.745	0.0000
12.750	347.1497
12.755	0.0000
12.760	347.6550
12.765	347.9078
12.770	348.1607
12.775	348.4137
12.780	348.6668
12.785	348.9199
12.790	0.0000
12.795	349.4265
12.800	349.6800
12.805	349.9335
12.810	0.0000
12.815	350.4408
12.820	350.6946
12.825	350.9485
12.830	351.2025
12.835	351.4566
12.840	351.7108
12.845	351.9650
12.850	352.2194
12.855	352.4738
12.860	352.7284
12.865	352.9830
12.870	353.2377
12.875	353.4926
12.880	353.7475
12.885	354.0025
12.890	354.2576
12.895	354.5127
12.900	354.7680
12.905	355.0234
12.910	355.2788
12.915	0.0000
12.920	355.7900
12.925	356.0458
12.930	0.0000
12.935	356.5575
12.940	356.8135
12.945	357.0696
12.950	357.3258
12.955	357.5821
12.960	357.8385
12.965	358.0949
12.970	358.3515
12.975	358.6082
12.980	358.8649
12.985	359.1217
12.990	359.3787
12.995	359.6357
13.000	359.8928
13.005	360.1500
13.010	360.4073
13.015	360.6647
13.020	360.9222
13.025	361.1797
13.030	361.4374
13.035	361.6952
13.040	361.9530
13.045	362.2109
13.050	362.4690
13.055	362.7271
13.060	362.9853
13.065	363.2436
13.070	363.5020
13.075	363.7605
13.080	364.0191
13.085	364.2778
13.090	364.5365
13.095	364.7954
13.100	0.0000
13.105	0.0000
13.110	365.5725
13.115	0.0000
13.120	366.0911
13.125	366.3505
13.130	366.6100
13.135	0.0000
13.140	0.0000
13.145	367.3890
13.150	0.0000
13.155	367.9088
13.160	368.1689
13.165	368.4290
13.170	368.6893
13.175	368.9496
13.180	369.2100
13.185	369.4705
13.190	369.7311
13.195	369.9918
13.200	370.2526
13.205	370.5135
13.210	370.7745
13.215	371.0355
13.220	371.2967
13.225	371.5579
13.230	371.8193
13.235	372.0807
13.240	372.3422
13.245	372.6038
13.250	0.0000
13.255	0.0000
13.260	373.3892
13.265	373.6512
13.270	373.9133
13.275	374.1755
13.280	374.4377
13.285	374.7001
13.290	374.9625
13.295	375.2250
13.300	375.4877
13.305	0.0000
13.310	376.0132
13.315	376.2761
13.320	376.5391
13.325	376.8022
13.330	377.0653
13.335	377.3286
13.340	377.5920
13.345	377.8554
13.350	378.1190
13.355	378.3826
13.360	378.6463
13.365	378.9101
13.370	379.1741
13.375	379.4381
13.380	0.0000
13.385	379.9663
13.390	380.2306
13.395	380.4950
13.400	380.7594
13.405	381.0240
13.410	381.2886
13.415	0.0000
13.420	381.8182
13.425	382.0831
13.430	382.3481
13.435	382.6133
13.440	382.8785
13.445	383.1437
13.450	383.4091
13.455	0.0000
13.460	383.9402
13.465	384.2058
13.470	384.4716
13.475	384.7374
13.480	385.0033
13.485	385.2694
13.490	385.5355
13.495	385.8017
13.500	0.0000
13.505	386.3344
13.510	386.6009
13.515	386.8674
13.520	387.1341
13.525	387.4009
13.530	387.6677
13.535	387.9347
13.540	388.2017
13.545	388.4688
13.550	388.7360
13.555	0.0000
13.560	389.2707
13.565	389.5382
13.570	389.8058
13.575	390.0735
13.580	390.3413
13.585	390.6091
13.590	390.8771
13.595	391.1451
13.600	391.4133
13.605	391.6815
13.610	391.9498
13.615	392.2182
13.620	392.4867
13.625	392.7553
13.630	393.0240
13.635	393.2928
13.640	393.5617
13.645	393.8306
13.650	394.0997
13.655	394.3688
13.660	394.6381
13.665	394.9074
13.670	395.1768
13.675	395.4464
13.680	395.7160
13.685	0.0000
13.690	396.2555
13.695	396.5253
13.700	396.7953
13.705	397.0654
13.710	0.0000
13.715	397.6058
13.720	397.8761
13.725	398.1466
13.730	398.4171
13.735	398.6877
13.740	398.9584
13.745	399.2292
13.750	399.5001
13.755	399.7711
13.760	400.0422
13.765	400.3133
13.770	400.5846
13.775	400.8560
13.780	401.1274
13.785	0.0000
13.790	401.6706
13.795	0.0000
13.800	0.0000
13.805	402.4860
13.810	402.7580
13.815	403.0301
13.820	403.3023
13.825	403.5745
13.830	403.8469
13.835	404.1194
13.840	404.3919
13.845	404.6645
13.850	404.9373
13.855	405.2101
13.860	405.4830
13.865	405.7560
13.870	406.0291
13.875	406.3023
13.880	406.5756
13.885	406.8490
13.890	0.0000
13.895	0.0000
13.900	407.6696
13.905	407.9434
13.910	408.2172
13.915	408.4911
13.920	408.7652
13.925	409.0393
13.930	409.3135
13.935	409.5878
13.940	409.8621
13.945	410.1366
13.950	0.0000
13.955	0.0000
13.960	410.9606
13.965	411.2354
13.970	411.5104
13.975	411.7854
13.980	412.0605
13.985	412.3357
13.990	0.0000
13.995	412.8864
14.000	413.1619
14.005	413.4375
