   1.8951200e+01
   1.8953200e+01
   1.8953400e+01
   1.8953600e+01
   1.8954600e+01
   1.8955400e+01
   1.8957600e+01
   1.8959700e+01
   1.8959800e+01
   1.8961900e+01
   1.8962700e+01
   1.8963000e+01
   1.8963900e+01
   1.8964200e+01
   1.8964900e+01
   1.8965800e+01
   1.8966300e+01
   1.8967100e+01
   1.8968700e+01
   1.8969700e+01
   1.8972400e+01
   1.8974400e+01
   1.8975100e+01
   1.8975400e+01
   1.8975500e+01
   1.8975800e+01
   1.8977600e+01
   1.8977700e+01
   1.8977800e+01
   1.8978600e+01
   1.8981700e+01
   1.8983700e+01
   1.8984000e+01
   1.8985000e+01
   1.8985200e+01
   1.8988000e+01
   1.8988200e+01
   1.8989200e+01
   1.8992200e+01
   1.8993900e+01
   1.8994600e+01
   1.8996900e+01
   1.8997300e+01
   1.8998500e+01
   1.8999000e+01
   1.8999800e+01
   1.9000600e+01
   1.9003100e+01
   1.9004700e+01
   1.9004700e+01
   1.9005000e+01
   1.9006800e+01
   1.9006900e+01
   1.9008500e+01
   1.9008500e+01
   1.9011600e+01
   1.9013200e+01
   1.9014600e+01
   1.9015500e+01
   1.9015500e+01
   1.9015600e+01
   1.9017900e+01
   1.9018000e+01
   1.9019500e+01
   1.9019900e+01
   1.9020600e+01
   1.9020900e+01
   1.9024300e+01
   1.9025100e+01
   1.9025400e+01
   1.9025500e+01
   1.9025700e+01
   1.9025800e+01
   1.9026600e+01
   1.9027900e+01
   1.9029200e+01
   1.9029500e+01
   1.9030000e+01
   1.9031400e+01
   1.9031500e+01
   1.9032300e+01
   1.9033100e+01
   1.9034100e+01
   1.9034900e+01
   1.9039100e+01
   1.9040600e+01
   1.9041300e+01
   1.9041600e+01
   1.9041700e+01
   1.9042900e+01
   1.9043400e+01
   1.9043400e+01
   1.9045000e+01
   1.9045700e+01
   1.9045800e+01
   1.9045900e+01
   1.9045900e+01
   1.9046000e+01
   1.9046500e+01
   1.9047100e+01
