   19.0315
   19.0406
   18.9627
   19.0413
   19.0132
   18.9598
   18.9778
   19.0047
   19.0458
   19.0465
   18.9658
   19.0471
   19.0457
   18.9985
   19.0300
   18.9642
   18.9922
   19.0416
   19.0292
   19.0459
   19.0156
   18.9536
   19.0349
   19.0434
   19.0179
   19.0258
   19.0243
   18.9892
   19.0155
   18.9671
   19.0206
   18.9532
   18.9777
   18.9546
   18.9597
   19.0323
   19.0195
   18.9817
   19.0450
   18.9534
   18.9939
   18.9882
   19.0266
   19.0295
   18.9687
   18.9990
   18.9946
   19.0146
   19.0209
   19.0255
   18.9776
   19.0180
   19.0155
   18.9663
   18.9619
   18.9998
   19.0460
   18.9840
   19.0085
   18.9724
   19.0251
   18.9755
   19.0006
   19.0199
   19.0391
   19.0459
   19.0047
   18.9639
   18.9649
   18.9758
   19.0341
   18.9754
   19.0314
   18.9744
   19.0429
   18.9850
   18.9697
   18.9751
   19.0116
   18.9973
   18.9852
   19.0331
   19.0085
   19.0050
   19.0417
   18.9786
   19.0257
   19.0254
   18.9880
   19.0068
   18.9576
   18.9554
   19.0031
   19.0279
   19.0434
   18.9630
   19.0069
   18.9969
   18.9512
   18.9837